X(1)=1.64986114078188 
X(2)=1.89765617847224 
X(3)=11.0087893307291 
X(4)=1.01924417859432 
X(5)=1.64986114078188 
X(6)=1.89765617847224 
X(7)=11.0087893307291 
X(8)=1.01924417859432 

% You MUST update this path to point to the location of the indata.m file
cd e:\tmarkel\optimization\fuelcells\Fuel_Cell_System_Optimization\iSIGHT
