X(1)=9245.58244575335 
X(2)=49992.370372631 
X(3)=14013.336588641 
X(4)=10.2417065950499 

% You must update this path to point to the indata.m file
cd e:\tmarkel\optimization\fuelcells\Fuel_Cell_System_Optimization\iSIGHT
