%-----------------------------------------------------------------------
% Data for screw compressor Opcon Autorotor OA 1050/2.0, table no 10456
% Date: 010315 by Kristina Haraldsson, NREL
%------------------------------------------------------------------------
Qm_1050=[2 2.5 3 4.5 5 6.5 8.5 10 20 35 55 65 85 100];
p2_1050=[1.65 1.7 1.75 1.8 1.83 1.88 1.92 1.96 2.13 2.35 2.57 2.72 2.85 2.95];
Pcomp_1050=[690 790 880 1040 1160 1320 1580 1730 2970 5000 7960 9970 13200 16700];
T2_1050=[99.2 103.5 107.2 110.7 111.8 112 111.7 100.4 116.5 131.5 136.4 147.4 149.6 155];

speed_max=20000; %[rpm]
speed_min=2000; % [rpm]

% Max capacity
m_max=160;      % [g/s]


%plotyy(Qm_1050,Pcomp_1050/1000,Qm_1050,p2_1050)

%subplot(2,1,1)
%plot(Qm_1050,Pcomp_1050/1000)

%subplot(2,1,2)
%plotyy(Qm_1050,p2_1050,Qm_1050,T2_1050)


% Revision history
% 082302 KH added data